[[21.29886561 19.43650451 24.01203713 ... 33.46053046 33.47063729
   8.31544209]
 [34.69408177 39.30435663 20.82410403 ... 24.22572168 18.24267295
  20.36713666]
 [20.68732223 25.51566525 14.95840104 ... 24.59734752 23.18034434
  24.93362486]
 ...
 [23.04073561 28.24928189 27.96152663 ... 28.75713111 28.55346657
  25.37749513]
 [21.69535517  4.35267726 21.73339768 ... 27.49849014 23.78854575
  32.8513684 ]
 [29.9636185  24.72178914  5.49491601 ... 38.94408404 33.87007764
  26.66900987]]
