[[ 3.61168527  0.32232125  0.13798949 ...  2.17944364  2.18104459
  -0.28143411]
 [ 0.51582252  2.94798535  1.3053094  ...  0.07377407 -0.4693885
   0.40260332]
 [-0.73048961  0.41608119 -0.24948905 ...  0.72251002  0.35301433
   0.19745551]
 ...
 [ 0.45117294  0.7209278  -0.99533924 ... -0.45793396 -0.20319913
  -0.34938724]
 [-0.45041703 -1.22448422  0.37252202 ... -1.00020349  0.31887642
   0.67086699]
 [ 1.13978393  1.50505394  1.6383172  ...  1.78340772  2.16477051
   0.92088743]]
