572872.6232129791
556075.2780783934
536583.673741427
510174.2407869187
475045.03106068267
431194.3292115093
381380.9846596252
330480.1229639637
283209.8929867311
242293.1370251129
208384.49636083434
180955.8053813062
159042.9161973411
141611.48105892877
127718.12177805633
116582.63263920767
107598.5699810128
100305.4691257539
94351.1908178229
89461.02505860319
85417.19941295571
82046.45645511842
79212.12063118575
76807.837631946
74751.64018557803
72980.31678975276
71444.62679667998
70105.71217135178
68932.60336952524
67900.46005259574
66989.21834191341
66182.47799374581
65466.593700083075
64829.980145366935
64262.626335715395
63755.78509129041
63301.78564184165
62893.91720607192
62526.343596071005
62194.02492039243
61892.636308551395
61618.482664202864
61368.41282750654
61139.737520808994
60930.1546079206
60737.68371326958
60560.61083363633
60397.442537051196
60246.86872964472
60107.73270701349
59979.00718122423
59859.77508655391
59749.214141116376
59646.5843293452
59551.21764512492
59462.509585195774
59379.9120042607
59302.92703872024
59231.10187893897
59164.02422471692
59101.31829923381
59042.64132658743
58987.68039991835
58936.14968313153
58887.78790099845
58842.35608113256
58799.6355178406
58759.42593278141
58721.54381115628
58685.82089512613
58652.102818523155
58620.24786885615
58590.12586421178
58561.617134005595
58534.61159369657
58509.00790458323
58484.712710682354
58461.63994547024
58439.71020196124
58418.85016021889
58398.99206695281
58380.07326235669
58362.03574979599
58344.82580436398
58328.393616695386
58312.6929687634
58297.680938690275
58283.31763187839
58269.56593601947
58256.3912977676
58243.76151906831
58231.64657132383
58220.01842574552
58208.850898398654
58198.11950858598
58187.80134934351
58177.87496893792
58168.320262360125
58159.11837190413
58150.25159600712
58141.70330560444
58133.45786732392
58125.50057290778
58117.81757430869
58110.39582395801
58103.22301975255
58096.28755434787
58089.578468385356
58083.08540731488
58076.79858150636
58070.70872937181
58064.80708324512
58059.08533779009
58053.535620727846
58048.1504656938
58042.92278705131
58037.84585650481
58032.91328136835
58028.118984359244
58023.45718479688
58018.922381097575
58014.50933446565
58010.21305368928
58006.02878095751
58001.95197862156
57997.978316830304
57994.10366197515
57990.32406588505
57986.63575571722
57983.03512449324
57979.518722234454
57976.08324765404
57972.72554036679
57969.44257358001
57966.23144723252
57963.0893815507
57960.013710993095
57957.00187855742
57954.0514304252
57951.16001092181
57948.325357770846
57945.545297623255
57942.817741843704
57940.14068253695
57937.51218879903
57934.93040317893
57932.39353833707
57929.89987388841
57927.447753418535
57925.0355816619
57922.661821832204
57920.32499309574
57918.023668178685
57915.75647110045
57913.52207502554
57911.319200226586
57909.146612152355
57907.00311959411
57904.887572945074
57902.79886254704
57900.73591711966
57898.69770226728
57896.683219059094
57894.69150267847
57892.721621137556
57890.7726740536
57888.84379148341
57886.93413281292
57885.04288569903
57883.16926506038
57881.31251211497
57879.4718934619
57877.646700204816
57875.83624711508
57874.03987183247
57872.2569341014
57870.48681504105
57868.72891644735
57866.98266012567
57865.247487252076
57863.52285776226
57861.80824976643
57860.10315898901
57858.407098231895
57856.71959686007
57855.04020030863
57853.36846960996
57851.70398094032
57850.0463251847
57848.3951075193
57846.749947010474
57845.11047622972
57843.4763408837
57841.84719945868
57840.222722878614
57838.60259417649
57836.98650817792
57835.37417119676
57833.76530074199
57832.15962523538
57830.556883739526
57828.95682569556
57827.35921067029
57825.76380811225
57824.17039711622
57822.5787661958
57820.988713063765
57819.40004441968
57817.81257574457
57816.2261311022
57814.64054294672
57813.05565193626
57811.47130675246
57809.88736392514
57808.303687662454
57806.720149685774
57805.136629069384
57803.553012084434
57801.969192047305
57800.38506917183
57798.80055042538
57797.21554938846
57795.62998611773
57794.04378701225
57792.456884682746
57790.86921782367
57789.28073108806
57787.69137496487
57786.101105658694
57784.50988497182
57782.91768018826
57781.324463959856
57779.7302141943
57778.134913944734
57776.53855130112
57774.941119283074
57773.34261573411
57771.743043217255
57770.14240891179
57768.5407245113
57766.93800612264
57765.33427416586
57763.729553275225
57762.12387220089
57760.51726371145
57758.90976449715
57757.30141507377
57755.69225968714
57754.082346218194
57752.47172608855
57750.86045416654
57749.24858867369
57747.63619109161
57746.02332606927
57744.41006133056
57742.79646758232
57741.18261842244
57739.568590248506
57737.95446216656
57736.340315900175
57734.72623569977
57733.11230825221
57731.49862259065
57729.885270004605
57728.2723439503
57726.65993996131
57725.04815555939
57723.43709016567
57721.82684501215
57720.21752305338
57718.609228878646
57717.00206862439
57715.39614988695
57713.79158163587
57712.188474127455
57710.58693881879
57708.98708828235
57707.38903612092
57705.79289688318
57704.198785979796
57702.60681960002
57701.01711462911
57699.4297885662
57697.8449594429
57696.26274574266
57694.68326632091
57693.10664032593
57691.532987120554
57689.9624262047
57688.39507713896
57686.831059468845
57685.27049265029
57683.713495975964
57682.16018850269
57680.61068897988
57679.06511577926
57677.5235868254
57675.98621952783
57674.453130714
57672.924436563684
57671.40025254465
57669.880693349434
57668.36587283376
57666.85590395606
57665.3508987184
57663.85096810903
57662.356222046044
57660.86676932278
57659.38271755454
57657.904173126844
57656.431241145256
57654.964025386624
57653.502628252034
57652.04715072116
57650.59769230838
57649.154351020275
57647.71722331497
57646.28640406279
57644.861986508884
57643.44406223717
57642.03272113607
57640.628051365886
57639.23013932766
57637.83906963384
57636.45492508055
57635.07778662131
57633.707733342635
57632.34484244105
57630.98918920181
57629.640846979215
57628.299887178466
57626.96637923912
57625.64039062012
57624.32198678636
57623.0112311968
57621.70818529402
57620.41290849538
57619.12545818558
57617.845889710676
57616.574256373584
57615.310609430904
57614.054998091255
57612.807469514795
57611.56806881429
57610.33683905727
57609.1138212697
57607.89905444062
57606.69257552833
57605.49441946752
57604.30461917766
57603.12320557256
57601.95020757094
57600.78565210813
57599.62956414888
57598.48196670102
57597.34288083021
57596.212325675624
57595.09031846644
57593.97687453943
57592.872007357124
57591.77572852698
57590.68804782125
57589.608973197624
57588.53851082056
57587.47666508325
57586.42343863037
57585.37883238132
57584.34284555402
57583.31547568942
57582.29671867635
57581.28656877691
57580.28501865238
57579.29205938946
57578.30768052695
57577.3318700828
57576.364614581435
57575.40589908145
57574.45570720355
57573.5140211587
57572.58082177658
57571.65608853416
57570.73979958443
57569.83193178534
57568.932460728785
57568.041360769734
57567.158605055345
57566.284165554214
57565.41801308562
57564.560117348636
57563.71044695148
57562.86896944052
57562.035651329454
57561.21045812826
57560.39335437211
57559.5843036501
57558.783268633924
57557.99021110632
57557.20509198937
57556.42787137261
57555.658508540924
57554.89696200223
57554.14318951495
57553.39714811518
57552.658794143674
57551.92808327253
57551.204970531515
57550.48941033428
57549.781356504085
57549.08076229935
57548.387580438786
57547.701763126264
57547.02326207537
57546.352028533496
57545.688013305764
57545.03116677838
57544.38143894186
57543.7387794137
57543.10313746077
57542.4744620213
57541.852701726544
57541.237804921984
57540.62971968817
57540.02839386127
57539.43377505303
57538.84581067062
57538.26444793576
57537.68963390379
57537.12131548209
57536.55943944823
57536.00395246776
57535.4548011114
57534.911931872186
57534.375291181874
57533.8448254272
57533.320480965616
57532.80220414072
57532.28994129728
57531.783638795816
57531.283243026926
57530.78870042517
57530.29995748248
57529.81696076143
57529.339656907934
57528.867992663756
57528.40191487839
57527.941370520966
57527.48630669144
57527.03667063175
57526.59240973635
57526.153471562575
57525.71980384069
57525.291354483474
57524.86807159563
57524.44990348274
57524.03679866003
57523.628705860756
57523.225574044234
57522.82735240371
57522.43399037379
57522.04543763775
57521.66164413433
57521.28256006443
57520.908135897516
57520.53832237764
57520.17307052934
57519.81233166317
57519.45605738104
57519.10419958128
57518.75671046345
57518.413542532944
57518.07464860535
57517.73998181055
57517.40949559664
57517.08314373356
57516.76088031665
57516.44265976983
57516.12843684871
57515.818166643396
57515.51180458114
57515.209306428915
57514.91062829556
57514.615726633994
57514.324558243075
57514.037080269416
57513.75325020893
57513.473025908286
57513.19636556619
57512.923227734485
57512.65357131909
57512.38735558095
57512.124540136545
57511.8650849586
57511.608950376394
57511.35609707612
57511.106486100965
57510.86007885125
57510.616837084286
57510.37672291425
57510.1396988118
57509.905727603764
57509.67477247257
57509.4467969557
57509.22176494493
57508.99964068558
57508.78038877563
57508.56397416475
57508.350362153215
57508.13951839086
57507.931408875826
57507.725999953225
57507.52325831393
57507.323150993005
57507.125645368345
57506.93070915908
57506.73831042395
57506.54841755969
57506.360999299264
57506.17602471017
57505.993463192535
57505.81328447731
57505.635458624325
57505.45995602036
57505.28674737712
57505.11580372923
57504.94709643216
57504.78059716006
57504.61627790374
57504.45411096837
57504.29406897134
57504.13612484009
57503.98025180974
57503.82642342088
57503.67461351729
57503.52479624355
57503.37694604279
57503.231037654245
57503.08704611095
57502.94494673731
57502.80471514673
57502.666327239145
57502.529759198675
57502.39498749113
57502.26198886159
57502.130740331966
57502.00121919849
57501.87340302935
57501.747269662104
57501.62279720133
57501.49996401609
57501.378748737436
57501.25913025603
57501.14108771957
57501.02460053038
57500.90964834294
57500.7962110614
57500.68426883719
57500.57380206642
57500.46479138758
57500.35721767904
57500.25106205659
57500.146305871065
57500.04293070585
57499.94091837456
57499.84025091855
57499.74091060462
57499.642879922474
57499.54614158255
57499.45067851351
57499.35647385993
57499.263510979996
57499.17177344313
57499.08124502769
57498.99190971872
57498.903751705606
57498.81675537982
57498.73090533265
57498.646186353
57498.56258342513
57498.48008172645
57498.39866662529
57498.31832367877
57498.239038630585
57498.16079740892
57498.08358612424
57498.00739106717
57497.93219870649
57497.85799568694
57497.784768827216
57497.71250511786
57497.64119171928
57497.57081595972
57497.50136533321
57497.43282749767
57497.36519027283
57497.29844163841
57497.23256973205
57497.16756284749
57497.103409432675
57497.04009808781
57496.977617563534
57496.91595675909
57496.85510472045
57496.79505063858
57496.73578384758
57496.67729382292
57496.6195701797
57496.56260267092
57496.50638118573
57496.45089574774
57496.39613651332
57496.342093769985
57496.28875793461
57496.23611955197
57496.18416929297
57496.13289795314
57496.08229645099
57496.03235582649
57495.983067239504
57495.934421968224
57495.88641140769
57495.839027068294
57495.792260574264
57495.746103662204
57495.70054817968
57495.655586083754
57495.61120943955
57495.567410418895
57495.524181298875
57495.48151446056
57495.43940238752
57495.397837664605
57495.35681297652
57495.31632110661
57495.27635493553
57495.236907439925
57495.19797169122
57495.159540854336
57495.12160818654
57495.0841670361
57495.04721084116
57495.01073312855
57494.974727512585
57494.93918769396
57494.90410745849
57494.8694806761
57494.835301299645
57494.801563363784
57494.768260984
57494.73538835534
57494.70293975152
57494.6709095238
57494.63929209992
57494.60808198316
57494.57727375123
57494.54686205534
57494.51684161916
57494.4872072379
57494.457953777324
57494.4290761728
57494.400569428326
57494.37242861567
57494.344648873426
57494.31722540607
57494.290153483154
57494.26342843835
57494.23704566864
57494.2110006334
57494.1852888536
57494.15990591096
57494.13484744711
57494.11010916279
57494.08568681705
57494.06157622645
57494.03777326427
57494.01427385974
57493.99107399733
57493.968169715925
57493.945557108076
57493.92323231939
57493.901191547644
57493.879431042194
57493.85794710322
57493.83673608104
57493.815794375405
57493.79511843489
57493.77470475617
57493.75454988333
57493.7346504073
57493.71500296517
57493.695604239554
57493.676450958
57493.65753989231
57493.638867858
57493.62043171369
57493.602228360454
57493.58425474134
57493.56650784069
57493.548984683664
57493.531682335604
57493.51459790151
57493.49772852554
57493.481071390415
57493.46462371691
57493.448382763345
57493.43234582502
57493.416510233794
57493.4008733575
57493.38543259948
57493.37018539814
57493.35512922639
57493.34026159121
57493.32558003321
57493.311082126114
57493.296765476356
57493.28262772258
57493.26866653524
57493.25487961613
57493.24126469798
57493.227819544016
57493.21454194757
57493.20142973159
57493.18848074833
57493.175692878875
57493.16306403279
57493.15059214771
57493.138275188925
57493.126111149075
57493.11409804768
57493.102233930884
57493.09051687094
57493.07894496602
57493.06751633975
57493.05622914083
57493.04508154282
57493.03407174371
57493.02319796556
57493.01245845425
57493.00185147909
57492.99137533254
57492.98102832984
57492.97080880877
57492.96071512928
57492.9507456732
57492.94089884397
57492.93117306629
57492.921566785895
57492.912078469206
57492.90270660306
57492.8934496945
57492.88430627036
57492.87527487716
57492.86635408066
57492.857542465754
57492.84883863612
57492.84024121399
57492.83174883988
57492.82336017237
57492.8150738878
57492.806888680105
57492.79880326051
57492.79081635732
57492.782926715714
57492.77513309742
57492.76743428064
57492.75982905966
57492.75231624477
57492.74489466193
57492.737563152674
57492.73032057378
57492.72316579715
57492.71609770954
57492.70911521245
57492.70221722179
57492.6954026678
57492.6886704948
57492.682019661006
57492.67544913835
57492.66895791227
57492.662544981584
57492.656209358225
57492.64995006713
57492.64376614604
57492.637656645304
57492.631620627755
57492.62565716851
57492.61976535477
57492.61394428576
57492.608193072476
57492.60251083752
57492.59689671499
57492.59134985033
57492.58586940012
57492.58045453199
57492.575104424424
57492.56981826661
57492.56459525834
57492.559434609844
57492.55433554163
57492.54929728434
57492.544319078705
57492.53940017526
57492.534539834334
57492.52973732586
57492.52499192925
57492.520302933306
57492.51566963603
57492.51109134457
57492.50656737503
57492.50209705239
57492.49767971038
57492.49331469138
57492.48900134623
57492.484739034204
57492.48052712288
57492.47636498802
57492.472252013366
57492.468187590726
57492.464171119675
57492.460202007576
57492.45627966946
57492.45240352782
57492.44857301267
57492.4447875613
57492.441046618274
57492.437349635315
57492.433696071166
57492.43008539153
57492.42651706896
57492.422990582825
57492.41950541914
57492.41606107051
57492.41265703606
57492.40929282131
57492.40596793813
57492.40268190464
57492.39943424512
57492.39622448992
57492.39305217541
57492.389916843866
57492.386818043415
57492.383755327945
57492.38072825705
57492.3777363959
57492.37477931525
57492.37185659131
57492.36896780564
57492.3661125452
57492.36329040211
57492.36050097376
57492.35774386259
57492.355018676106
57492.35232502684
57492.349662532164
57492.34703081433
57492.344429500394
57492.34185822209
57492.33931661588
57492.33680432276
57492.33432098829
57492.33186626252
57492.32943979988
57492.327041259225
57492.32467030364
57492.32232660054
57492.32000982143
57492.31771964205
57492.31545574218
57492.31321780561
57492.31100552016
57492.30881857751
57492.306656673274
57492.30451950683
57492.30240678138
57492.30031820381
57492.29825348472
57492.2962123383
57492.29419448233
57492.292199638134
57492.29022753052
57492.288277887725
57492.286350441376
57492.28444492648
57492.28256108135
57492.28069864753
57492.278857369805
57492.277036996165
57492.27523727772
57492.27345796866
57492.271698826255
57492.26995961081
57492.26824008558
57492.266540016775
57492.264859173505
57492.26319732775
57492.26155425432
57492.259929730804
57492.25832353758
57492.256735457675
57492.255165276896
57492.25361278364
57492.25207776893
57492.25056002639
57492.249059352165
57492.247575544934
57492.246108405874
57492.24465773857
57492.24322334908
57492.24180504583
57492.24040263959
57492.23901594349
57492.237644772904
57492.236288945554
57492.234948281344
57492.233622602405
57492.23231173305
57492.23101549977
57492.22973373114
57492.228466257846
57492.22721291271
57492.22597353052
57492.224747948116
57492.22353600435
57492.22233754001
57492.22115239786
57492.21998042257
57492.2188214607
57492.217675360684
57492.21654197284
57492.21542114924
57492.21431274381
57492.21321661225
57492.21213261197
57492.21106060218
57492.21000044375
57492.20895199927
57492.20791513298
57492.20688971078
57492.20587560017
57492.2048726703
57492.20388079186
57492.202899837124
57492.20192967994
57492.20097019561
57492.20002126103
57492.19908275452
57492.19815455588
57492.19723654639
57492.19632860873
57492.19543062701
57492.19454248674
57492.19366407478
57492.19279527938
57492.19193599014
57492.19108609797
57492.190245495076
57492.189414075
57492.18859173252
57492.18777836371
57492.18697386588
57492.18617813755
57492.185391078485
57492.184612589626
57492.18384257312
57492.183080932264
57492.18232757152
57492.181582396515
57492.180845313946
57492.180116231684
57492.17939505866
57492.1786817049
57492.17797608151
57492.17727810066
57492.17658767551
57492.175904720345
57492.17522915041
57492.17456088196
57492.17389983225
57492.17324591953
57492.17259906299
57492.17195918283
57492.171326200136
57492.170700036964
57492.170080616284
57492.169467862
57492.16886169884
57492.168262052524
57492.167668849586
57492.16708201744
57492.16650148437
57492.16592717948
57492.165359032726
57492.16479697488
57492.164240937556
57492.16369085316
57492.16314665485
57492.16260827663
57492.16207565325
57492.161548720236
57492.161027413866
57492.16051167116
