[[ 1.53909385 -0.26986292  3.04877177 ...  0.71978716  0.95248809
   0.64120433]
 [-0.11598024  1.61854932 -0.2542893  ...  0.52230996 -0.46901815
  -0.15505622]
 [ 0.81398786  1.61669782  0.17678499 ... -1.01684333  1.05977432
   0.05655415]
 ...
 [ 2.281864    1.09903623  0.70319455 ...  0.21465472  0.85672351
   2.04031047]
 [ 0.53086632  1.25088917  0.8294656  ...  1.03692091  1.19477231
  -0.68012372]
 [ 1.70187045  1.19962446  1.87677539 ...  0.26902797 -0.71120573
   1.67712802]]
